     K06UU6H ZC2024 09 29.51747 01 52 25.88 +11 04 00.6          22.8 GV~91RvF52
     K06UU6H ZC2024 09 29.54695 01 52 24.76 +11 03 55.1          22.9 GV~91RvF52
     K06UU6H ZC2024 09 29.56171 01 52 24.18 +11 03 52.7          22.5 GV~91RvF52
     K07Rc6P ZC2023 01 23.42896 09 32 20.25 +16 27 39.6          21.8 GV~91S2F52
     K07Rc6P ZC2023 01 23.44109 09 32 19.66 +16 27 42.7          21.9 GV~91S2F52
     K07Rc6P ZC2023 01 23.45327 09 32 19.03 +16 27 45.2          21.8 GV~91S3F52
     K10A58Z ZC2009 12 24.40702 04 02 30.11 +23 56 18.8          19.1 r2~91SaF51
     K10HC6T ZC2014 03 19.33762 08 33 57.14 +55 36 26.1                2~91SgF51
     K10HC6T ZC2014 03 19.34972 08 33 57.09 +55 36 19.3                2~91SgF51
     K12Te9C ZC2022 07 22.42509 20 04 41.57 -23 59 31.6          22.5 GV~91TRF52
     K12Te9C ZC2022 07 22.44411 20 04 40.88 -23 59 33.2                V~91TRF52
     K12Te9C ZC2022 07 22.45369 20 04 40.57 -23 59 33.7                V~91TRF52
     K14EX4J ZC2024 06 29.46813 20 14 19.87 -15 40 09.6          22.4 GV~91TzF52
     K14EX4J ZC2024 06 29.47994 20 14 19.35 -15 40 09.6          22.2 GV~91TzF52
     K14EX4J ZC2024 06 29.49176 20 14 18.83 -15 40 09.9          22.2 GV~91TzF52
     K14EX4J ZC2024 06 29.50358 20 14 18.30 -15 40 09.8                V~91TzF52
     K14EX4J ZC2024 07 02.52295 20 12 06.12 -15 40 43.6          22.8 GV~91TzF52
     K14EX4J ZC2024 07 02.53618 20 12 05.49 -15 40 43.7          22.7 GV~91TzF52
     K14EX4J ZC2024 07 02.54935 20 12 04.86 -15 40 44.1          22.8 GV~91TzF52
     K14EX4J ZC2024 07 02.56253 20 12 04.24 -15 40 44.2                V~91TzF52
     K14HB5O ZC2022 11 26.31348 03 52 05.77 +07 54 19.0          22.9 GV~91U2F51
     K14HB5O ZC2022 11 26.32449 03 52 05.25 +07 54 17.0          23.0 GV~91U2F51
     K14HB5O ZC2022 11 26.33551 03 52 04.74 +07 54 14.9          22.7 GV~91U2F51
     K14HB5O ZC2022 11 26.34655 03 52 04.19 +07 54 12.9          23.0 GV~91U3F51
     K14Hb7E ZC2020 07 18.45989 21 24 19.14 -19 42 34.3          21.8 GV~91U7F51
     K14Hb7E ZC2020 07 18.47067 21 24 18.69 -19 42 36.9                V~91U7F51
     K14Hb7E ZC2020 07 18.48140 21 24 18.25 -19 42 39.8          22.3 GV~91U7F51
     K14Hb7E ZC2020 07 18.49212 21 24 17.79 -19 42 42.3                V~91U7F51
     K14L40T ZC2013 04 01.30863 09 22 25.14 -28 00 13.1                2~91UIF51
     K14L40T ZC2013 04 01.32074 09 22 24.94 -28 00 08.6          20.7 g2~91UIF51
     K14Wz6P ZC2024 09 04.46453 23 33 40.01 -03 38 29.1          22.1 GV~91VAF52
     K14Wz6P ZC2024 09 04.47457 23 33 39.55 -03 38 32.0          22.0 GV~91VAF52
     K14Wz6P ZC2024 09 04.48457 23 33 39.10 -03 38 34.3          21.8 GV~91VAF52
     K15Hl1U ZC2023 11 19.31281 03 14 20.29 +27 34 25.8          22.5 GV~91VUF51
     K15Hl1U ZC2023 11 19.32308 03 14 19.73 +27 34 24.7                V~91VUF51
     K15Hl1U ZC2023 11 19.33687 03 14 18.92 +27 34 23.4                V~91VUF51
     K15Hl2C ZC2025 02 22.43784 11 52 12.68 -05 32 05.4          22.3 GV~91VVF52
     K15Hl2C ZC2025 02 22.44873 11 52 12.22 -05 32 05.4                V~91VVF52
     K15Hl2C ZC2025 02 22.47055 11 52 11.29 -05 32 04.8          22.0 GV~91VVF52
     K15Kk3Z ZC2024 03 06.35683 11 16 15.81 +09 58 31.3          22.0 GV~91VeF51
     K15Kk3Z ZC2024 03 06.36858 11 16 15.19 +09 58 35.3          22.1 GV~91VeF51
     K15Kk3Z ZC2024 03 06.38029 11 16 14.62 +09 58 39.6          22.1 GV~91VeF51
     K15Kk3Z ZC2024 03 06.39202 11 16 14.00 +09 58 42.8                V~91VeF51
     K15OK3M ZC2020 06 17.54384 20 13 16.59 -16 52 15.2          21.5 GV~91VmF51
     K15OK3M ZC2020 06 17.55767 20 13 16.36 -16 52 19.3                V~91VmF51
     K15OK3M ZC2020 06 17.57147 20 13 16.12 -16 52 23.5          21.3 GV~91VmF51
     K15OK3M ZC2020 06 17.58530 20 13 15.89 -16 52 27.5                V~91VmF51
     K15OK3M ZC2025 06 01.47480 16 53 36.51 -10 24 12.2          21.6 GV~91VmF51
     K15OK3M ZC2025 06 01.48644 16 53 35.89 -10 24 12.6          21.7 GV~91VmF51
     K15OK3M ZC2025 06 01.49803 16 53 35.28 -10 24 13.4          21.8 GV~91VmF51
     K15OK3M ZC2025 06 01.50981 16 53 34.62 -10 24 14.3                V~91VmF51
     K15OK3P ZC2024 11 29.37173 05 32 39.99 +12 17 18.4          22.8 GV~91VnF52
     K15OK3P ZC2024 11 29.38248 05 32 39.36 +12 17 19.9                V~91VnF52
     K15OK3P ZC2024 11 29.39323 05 32 38.73 +12 17 21.9          22.5 GV~91VnF52
     K15OK3P ZC2024 11 29.40405 05 32 38.07 +12 17 23.5                V~91VnF52
     K15PG1O ZC2024 04 08.42423 13 26 52.91 -11 13 13.3                V~91VoF52
     K15PG1O ZC2024 04 08.44788 13 26 51.29 -11 13 09.1          22.5 GV~91VoF52
     K15PG1O ZC2024 04 08.45971 13 26 50.47 -11 13 06.4                V~91VoF52
     K15R37X ZC2025 06 24.49647 20 08 58.30 -09 48 32.3          22.0 GV~91VtF51
     K15R37X ZC2025 06 24.50836 20 08 58.03 -09 48 31.6          22.3 GV~91VtF51
     K15R37X ZC2025 06 24.52025 20 08 57.79 -09 48 31.0                V~91VtF51
     K15R37X ZC2025 06 24.53217 20 08 57.54 -09 48 30.8          22.0 GV~91VtF51
     K16Ad6F ZC2024 04 08.42686 13 35 39.82 -08 52 53.5          22.0 GV~91WSF52
     K16Ad6F ZC2024 04 08.43869 13 35 39.12 -08 52 50.1          21.7 GV~91WSF52
     K16Ad6F ZC2024 04 08.45051 13 35 38.41 -08 52 47.0                V~91WSF52
     K16Ea6Y ZC2021 01 07.42553 08 39 05.12 +06 28 35.4          22.5 GV~91WZF51
     K16Ea6Y ZC2021 01 07.43855 08 39 04.54 +06 28 36.1          23.0 GV~91WZF51
     K16Ea6Y ZC2021 01 07.45279 08 39 03.95 +06 28 37.0          22.6 GV~91WZF51
     K16Ea6Y ZC2021 01 07.46594 08 39 03.40 +06 28 37.8          22.9 GV~91WZF51
     K16Ea6Y ZC2024 10 04.39279 01 27 15.09 +11 51 29.9          22.4 GV~91WZF52
     K16Ea6Y ZC2024 10 04.41832 01 27 14.03 +11 51 20.1          22.5 GV~91WZF52
     K16Ea6Y ZC2024 10 04.43105 01 27 13.49 +11 51 14.9                V~91WZF52
     K16NI3L ZC2023 01 22.40452 09 21 27.20 +17 18 22.7                V~91WpF52
     K16NI3L ZC2023 01 22.41813 09 21 26.44 +17 18 25.9          21.9 GV~91WpF52
     K16NI3L ZC2023 01 22.43170 09 21 25.72 +17 18 29.1          22.1 GV~91WpF52
     K16NI3L ZC2023 01 22.44543 09 21 24.95 +17 18 32.5          21.9 GV~91WpF52
     K16PV7U ZC2022 10 31.42619 04 14 14.17 +22 42 50.8                V~91WyF52
     K16PV7U ZC2022 10 31.43699 04 14 13.69 +22 42 50.5          22.2 GV~91WyF52
     K16PV7U ZC2022 10 31.44782 04 14 13.25 +22 42 50.2          22.0 GV~91WyF52
     K16PV7U ZC2022 10 31.45870 04 14 12.78 +22 42 49.6          22.2 GV~91WyF52
     K16Q11W ZC2012 10 19.40018 01 27 30.00 +31 42 55.8          20.6 i2~91WyF51
     K16Q11W ZC2012 10 19.43090 01 27 28.02 +31 42 48.1          20.6 r2~91WyF51
     K16Q11W ZC2012 10 19.44208 01 27 27.29 +31 42 45.3          20.6 r2~91WyF51
     K16Q11W ZC2012 10 20.38036 01 26 29.31 +31 38 44.5          20.5 i2~91WyF51
     K16Q11W ZC2012 10 20.39289 01 26 28.49 +31 38 41.1          20.5 i2~91WyF51
     K17DG7R ZC2021 01 07.42553 08 46 11.72 +06 56 26.1                V~91XHF51
     K17DG7R ZC2021 01 07.45279 08 46 10.23 +06 56 19.2          22.1 GV~91XHF51
     K17DG7R ZC2021 01 07.46594 08 46 09.51 +06 56 15.7                V~91XHF51
     K17HB7L ZC2025 06 29.49303 20 08 58.15 -22 09 29.0                V~91XMF51
     K17HB7L ZC2025 06 29.50624 20 08 57.54 -22 09 30.7          21.8 GV~91XMF51
     K17HB7L ZC2025 06 29.51999 20 08 56.91 -22 09 32.6          22.0 GV~91XMF51
     K18A81U ZC2022 04 02.48016 13 23 40.93 -04 12 47.3          22.6 GV~91Y4F52
     K18A81U ZC2022 04 02.49164 13 23 40.29 -04 12 43.1                V~91Y4F52
     K18A81U ZC2022 04 02.50313 13 23 39.67 -04 12 39.1          21.9 GV~91Y4F52
     K18A81U ZC2022 04 02.51465 13 23 39.05 -04 12 34.8          22.5 GV~91Y4F52
     K18X52M ZC2025 06 01.47093 16 24 41.97 -10 10 09.6          21.9 GV~91YTF51
     K18X52M ZC2025 06 01.49417 16 24 39.70 -10 10 26.0          21.7 GV~91YTF51
     K18X52M ZC2025 06 01.50596 16 24 38.58 -10 10 34.5          21.9 GV~91YTF51
     K19JB8T ZC2020 07 18.43003 20 46 36.43 -30 27 34.2          22.2 GV~91YfF51
     K19JB8T ZC2020 07 18.44081 20 46 35.90 -30 27 38.0          21.9 GV~91YfF51
     K19JB8T ZC2020 07 18.45163 20 46 35.35 -30 27 41.6          22.2 GV~91YfF51
     K20BB3B ZC2023 11 17.37394 03 53 42.97 +07 19 38.6          22.3 GV~91Z0F52
     K20BB3B ZC2023 11 17.38706 03 53 42.25 +07 19 34.1                V~91Z0F52
     K20BB3B ZC2023 11 17.40027 03 53 41.55 +07 19 29.2          22.4 GV~91Z0F52
     K20BB3B ZC2023 11 17.41345 03 53 40.88 +07 19 25.0                V~91Z0F52
     K20BB3B ZC2025 02 22.48603 12 00 34.24 -03 22 56.7          22.2 GV~91Z0F52
     K20BB3B ZC2025 02 22.49891 12 00 33.77 -03 22 51.7          22.3 GV~91Z0F52
     K20BB3B ZC2025 02 22.51185 12 00 33.33 -03 22 46.9          22.6 GV~91Z0F52
     K20BB3B ZC2025 02 22.52479 12 00 32.89 -03 22 41.9          22.2 GV~91Z0F52
     K20BG6Q ZC2025 03 30.41230 13 15 16.38 +07 48 39.1          22.2 GV~91Z1F51
     K20BG6Q ZC2025 03 30.42503 13 15 15.73 +07 48 43.3          22.4 GV~91Z1F51
     K20BG6Q ZC2025 03 30.43784 13 15 15.08 +07 48 48.1                V~91Z1F51
     K20BG6Q ZC2025 03 30.45073 13 15 14.40 +07 48 53.0          22.7 GV~91Z1F51
     K20HL2D ZC2021 09 08.53481 01 31 02.76 -06 41 08.9          21.7 GV~91Z9F51
     K20HL2D ZC2021 09 08.55802 01 31 02.15 -06 41 19.7          21.8 GV~91Z9F51
     K20HL2D ZC2021 09 08.58811 01 31 01.36 -06 41 33.6          21.7 GV~91Z9F51
     K20RA4F ZC2025 02 05.38727 10 56 59.05 +13 35 01.3          22.0 GV~91ZYF52
     K20RA4F ZC2025 02 05.41008 10 56 57.73 +13 35 07.1          22.2 GV~91ZYF52
     K20RA4F ZC2025 02 05.42151 10 56 57.09 +13 35 10.4          22.2 GV~91ZYF52
     K20T89T ZC2022 01 26.51049 10 04 42.61 +05 56 29.4          21.7 GV~91ZhF52
     K20T89T ZC2022 01 26.52341 10 04 42.04 +05 56 32.1                V~91ZhF52
     K20T89T ZC2022 01 26.53633 10 04 41.44 +05 56 35.2                V~91ZhF52
     K20T89T ZC2022 01 26.54925 10 04 40.88 +05 56 38.1                V~91ZhF52
     K21J85M ZC2025 06 29.49107 20 03 47.09 -18 58 32.2          21.8 GV~91ZxF51
     K21J85M ZC2025 06 29.50427 20 03 46.59 -18 58 35.3          21.8 GV~91ZxF51
     K21J85M ZC2025 06 29.51802 20 03 46.07 -18 58 38.4          21.8 GV~91ZxF51
     K21RP5P ZC2021 10 29.35671 02 28 24.23 -12 29 04.0          21.7 GV~91aWF51
     K21RP5P ZC2021 10 29.36842 02 28 23.52 -12 29 03.9                V~91aWF51
     K21RP5P ZC2021 10 29.38318 02 28 22.62 -12 29 04.2                V~91aWF51
     K21RP5P ZC2021 10 29.39492 02 28 21.87 -12 29 04.5                V~91aWF51
     K21RP5T ZC2021 08 30.48026 00 17 38.05 -05 46 33.3                V~91aWF51
     K21RP5T ZC2021 08 30.49282 00 17 37.51 -05 46 36.9          21.9 GV~91aWF51
     K21RP5T ZC2021 08 30.50533 00 17 37.00 -05 46 39.9                V~91aWF51
     K21RP5T ZC2021 08 30.51787 00 17 36.47 -05 46 43.2          21.8 GV~91aWF51
     K21RP5W ZC2021 10 05.51612 02 00 42.16 -03 37 31.4                V~91aXF51
     K21RP5W ZC2021 10 05.52746 02 00 41.61 -03 37 37.6          22.1 GV~91aXF51
     K21RP5W ZC2021 10 05.53881 02 00 41.05 -03 37 43.4          22.1 GV~91aXF51
     K21TL0G ZC2024 02 15.40237 10 37 00.61 -05 03 08.2                V~91ahF51
     K21TL0G ZC2024 02 15.41400 10 37 00.08 -05 03 06.8          22.3 GV~91ahF51
     K21TL0G ZC2024 02 15.42563 10 36 59.57 -05 03 05.0                V~91ahF51
     K21TL0H ZC2021 10 11.54324 01 40 01.90 +24 47 46.0          22.1 GV~91ahF51
     K21TL0H ZC2021 10 11.55472 01 40 01.33 +24 47 42.4          22.1 GV~91ahF51
     K21TL0H ZC2021 10 11.57927 01 40 00.09 +24 47 34.9                V~91ahF51
     K21TL0H ZC2021 10 11.59080 01 39 59.52 +24 47 31.9                V~91ahF51
     K22SX6R ZC2025 02 05.38221 10 26 39.28 +11 53 44.7          21.7 GV~91b0F52
     K22SX6R ZC2025 02 05.39361 10 26 38.79 +11 53 48.0                V~91b0F52
     K22SX6R ZC2025 02 05.40502 10 26 38.31 +11 53 51.5          21.7 GV~91b0F52
     K22SX6R ZC2025 02 05.41645 10 26 37.81 +11 53 54.7          22.1 GV~91b0F52
     K22SX6V ZC2019 10 27.35190 02 46 51.08 +07 46 55.9                V~91b0F51
     K22SX6V ZC2019 10 27.36407 02 46 50.29 +07 46 51.4          22.7 GV~91b0F51
     K22SX6V ZC2019 10 27.37624 02 46 49.47 +07 46 46.5          22.9 GV~91b0F51
     K24P16D ZC2010 05 18.53766 14 53 33.00 -05 35 40.7          21.4 r2~91bOF51
     K24P16D ZC2010 05 18.54891 14 53 32.27 -05 35 38.6          21.3 r2~91bOF51
     K24RD5X ZC2010 08 19.46709 22 39 49.49 -01 27 54.7          22.0 r2~91bPF51
     K24RD5X ZC2010 09 12.38905 22 20 25.62 -03 11 01.9          21.3 r2~91bPF51
     K24RD5X ZC2012 01 24.30016 06 40 42.64 +20 10 50.6          22.2 g2~91bPF51
     K24RD5X ZC2012 01 24.31309 06 40 42.02 +20 10 50.7          22.2 g2~91bPF51
     K24RD5X ZC2012 01 24.32621 06 40 41.41 +20 10 50.5          22.0 r2~91bPF51
     K24RD5X ZC2012 01 24.33836 06 40 40.85 +20 10 50.2          21.9 r2~91bPF51
     K24RK6M ZC2024 08 31.48231 00 00 35.43 +07 40 06.2          22.3 GV~91bRF51
     K24RK6M ZC2024 08 31.49372 00 00 34.83 +07 40 05.7          22.5 GV~91bRF51
     K24RK6M ZC2024 08 31.50513 00 00 34.25 +07 40 05.1                V~91bRF51
     K24RK6M ZC2024 08 31.51653 00 00 33.62 +07 40 04.2          22.5 GV~91bRF51
     K25K21L ZC2025 04 25.46040 15 25 45.33 -24 27 25.2                V~91bhF52
     K25K21L ZC2025 04 25.47130 15 25 44.81 -24 27 21.5          22.0 GV~91bhF52
     K25K21L ZC2025 04 25.48218 15 25 44.30 -24 27 17.3          22.1 GV~91bhF52
     K25K21Q ZC2025 06 03.45338 16 13 08.31 -01 33 39.5          22.3 GV~91bhF51
     K25K21Q ZC2025 06 03.46508 16 13 07.64 -01 33 43.5          22.1 GV~91bhF51
     K25K21Q ZC2025 06 03.47676 16 13 06.97 -01 33 47.5          22.5 GV~91bhF51
     K25M92G ZC2022 10 19.37045 03 08 20.19 +21 18 42.7          22.5 GV~91bnF52
     K25M92G ZC2022 10 19.38432 03 08 19.40 +21 18 39.3                V~91bnF52
     K25M92G ZC2022 10 19.39823 03 08 18.59 +21 18 35.8                V~91bnF52
     K25M92G ZC2022 10 19.41211 03 08 17.80 +21 18 32.4          22.0 GV~91bnF52
     K25O01O ZC2009 06 25.42276 18 33 37.38 -08 13 43.5                W~91c8F51
     K25O01O ZC2009 06 25.43248 18 33 37.35 -08 13 43.5                W~91c8F51
     K25O01O ZC2009 06 28.39203 18 33 22.27 -08 13 41.4          20.8 rW~91c8F51
     K25O01O ZC2009 06 28.39957 18 33 22.24 -08 13 41.5          20.7 rW~91c8F51
     K25O01O ZC2010 07 12.41178 18 38 51.33 -07 45 00.6          22.0 gW~91c8F51
     K25O01O ZC2010 07 12.42375 18 38 51.29 -07 45 00.5                W~91c8F51
     K25O01O ZC2010 07 20.36229 18 38 12.60 -07 45 57.7          20.8 iW~91c8F51
     K25O01O ZC2010 07 20.37379 18 38 12.54 -07 45 57.8          20.8 iW~91c8F51
     K25O02O ZC2025 06 20.56837 20 25 37.80 -22 04 54.2                V~91cBF51
     K25O02O ZC2025 06 20.57810 20 25 37.47 -22 04 51.9          22.1 GV~91cBF51
     K25O02O ZC2025 06 20.58782 20 25 37.12 -22 04 50.4          22.3 GV~91cBF51
     K25O02O ZC2025 06 20.59755 20 25 36.80 -22 04 48.2                V~91cBF51
     K25O03T ZC2025 06 29.49237 20 10 19.33 -18 07 51.0          21.8 GV~91cDF51
     K25O03T ZC2025 06 29.50557 20 10 18.90 -18 07 56.4          21.8 GV~91cDF51
     K25O03T ZC2025 06 29.51933 20 10 18.44 -18 08 01.8                V~91cDF51
