     J95S40U ZC2010 10 14.57167 02 56 03.31 +24 43 44.3          21.2 i2~94gvF51
     J95S40U ZC2010 11 15.48845 02 24 37.55 +25 13 45.6          21.5 r2~94gvF51
     J95S40U ZC2010 11 15.50041 02 24 36.83 +25 13 44.5          21.1 r2~94gvF51
     K03R28X ZC2022 10 19.38116 03 53 54.07 +22 49 58.6          22.3 GV~94hEF52
     K03R28X ZC2022 10 19.40894 03 53 52.98 +22 49 56.8                V~94hEF52
     K03R28X ZC2022 10 19.42284 03 53 52.41 +22 49 56.3          22.0 GV~94hEF52
     K05TM6Q ZC2013 03 02.56283411 36 35.520+17 22 38.28         21.7 wW~94hhF51
     K05TM6Q ZC2013 03 02.57466311 36 35.016+17 22 44.04         21.7 wW~94hhF51
     K05TM6Q ZC2013 03 06.40860911 33 52.800+17 53 49.20         21.7 wW~94hhF51
     K05TM6Q ZC2013 03 06.54195111 33 46.800+17 54 52.20         21.7 wW~94hhF51
     K05TM6Q ZC2013 03 06.55298411 33 46.296+17 54 57.24         21.7 wW~94hhF51
     K06C93Z ZC2025 07 21.45667 21 19 02.44 -21 23 28.8          21.3 GV~94hqF52
     K06C93Z ZC2025 07 21.46624 21 19 01.78 -21 23 26.0                V~94hqF52
     K06C93Z ZC2025 07 21.47582 21 19 01.11 -21 23 23.4          21.4 GV~94hqF52
     K06C93Z ZC2025 07 21.48542 21 19 00.49 -21 23 20.8          21.4 GV~94hqF52
     K07UG9U ZC2024 06 02.44042 16 37 12.06 -21 36 14.8                V~94iPF51
     K07UG9U ZC2024 06 02.44859 16 37 11.59 -21 36 13.6          22.8 GV~94iPF51
     K07UG9U ZC2024 06 02.45638 16 37 11.16 -21 36 12.6          22.6 GV~94iPF51
     K08AG0O ZC2021 11 01.39726 03 23 21.47 +14 27 58.8                V~94iWF51
     K08AG0O ZC2021 11 01.40825 03 23 20.91 +14 27 56.8          21.9 GV~94iWF51
     K08AG0O ZC2021 11 01.41927 03 23 20.35 +14 27 54.7          22.0 GV~94iWF51
     K08RI9W ZC2010 01 06.35222 07 34 00.81 +28 54 05.2          21.0 rW~94imF51
     K08RI9W ZC2010 01 06.36048 07 34 00.29 +28 54 04.9          20.9 rW~94imF51
     K08RI9W ZC2010 01 07.48663 07 32 52.19 +28 53 12.4                W~94imF51
     K08RI9W ZC2010 01 07.49564 07 32 51.67 +28 53 11.7          21.1 rW~94imF51
     K09F36M ZC2010 06 15.51373 18 15 35.38 -08 57 09.4          20.5 g2~94jOF51
     K09F36M ZC2011 10 01.60892 06 31 21.07 +12 34 39.2          20.8 r2~94jOF51
     K09F36M ZC2011 10 01.62047 06 31 21.83 +12 34 36.5          21.1 r2~94jOF51
     K10G11U ZC2012 08 09.37381 19 06 32.88 +15 06 45.8          20.5 g2~94jrF51
     K10G11U ZC2012 08 09.38530 19 06 32.30 +15 06 45.2          20.6 g2~94jrF51
     K10R95H ZC2010 08 29.52605 23 18 06.91 +05 32 42.7          20.7 i2~94k0F51
     K10R95H ZC2010 08 29.56701 23 18 04.34 +05 32 42.0          21.0 r2~94k0F51
     K10R95H ZC2010 09 26.33811 22 50 49.06 +04 27 58.7          20.8 i2~94k1F51
     K10R95H ZC2010 09 26.35047 22 50 48.44 +04 27 55.9          20.8 i2~94k1F51
     K10T35A ZC2024 06 12.36939 16 25 19.13 -15 07 23.1          21.6 GV~94k7F52
     K10T35A ZC2024 06 12.40707 16 25 17.62 -15 07 20.5          21.5 GV~94k7F52
     K11GB1P ZC2021 02 12.58612 11 18 12.14 +13 46 55.7          22.2 GV~94kUF51
     K11GB1P ZC2021 02 12.59791 11 18 11.56 +13 46 59.9          22.0 GV~94kUF51
     K11GB1P ZC2021 02 12.60965 11 18 11.00 +13 47 03.9          21.9 GV~94kUF51
     K11GB1P ZC2021 02 12.62141 11 18 10.41 +13 47 07.9                V~94kUF51
     K12XF0A ZC2012 12 12.48066 05 00 47.12 +01 07 03.0          20.7 g2~94ltF51
     K12XF0A ZC2012 12 12.49363 05 00 46.45 +01 06 53.9          20.5 g2~94ltF51
     K13H39T ZC2024 03 19.45305 13 03 46.93 -16 21 43.1          22.4 GV~94m5F51
     K13H39T ZC2024 03 19.46380 13 03 46.52 -16 21 40.4          22.6 GV~94m5F51
     K13H39T ZC2024 03 19.47455 13 03 46.12 -16 21 37.5          22.4 GV~94m5F51
     K13H39T ZC2024 03 19.48529 13 03 45.68 -16 21 34.9          22.7 GV~94m5F51
     K13TS6D ZC2024 10 30.35029 02 36 28.90 +15 51 47.5          21.6 GV~94mQF52
     K13TS6D ZC2024 10 30.36162 02 36 28.29 +15 51 46.1          21.5 GV~94mQF52
     K13TS6D ZC2024 10 30.38445 02 36 27.07 +15 51 42.3          21.9 GV~94mQF52
     K14E58Y ZC2022 08 20.45573 23 12 41.88 +01 01 46.4          22.3 GV~94mgF52
     K14E58Y ZC2022 08 20.46787 23 12 41.42 +01 01 44.1          22.5 GV~94mgF52
     K14E58Y ZC2022 08 20.48002 23 12 40.97 +01 01 41.6                V~94mgF52
     K14Hr4P ZC2020 09 12.50170 00 34 00.70 -05 42 32.9          21.9 GV~94mwF51
     K14Hr4P ZC2020 09 12.51629 00 34 00.10 -05 42 38.7          21.8 GV~94mwF51
     K14Hr4P ZC2020 09 12.53086 00 33 59.47 -05 42 45.0                V~94mwF51
     K14Hr4P ZC2020 09 12.54543 00 33 58.86 -05 42 51.2          21.8 GV~94mwF51
     K14Hr5L ZC2022 10 23.39869 03 27 14.12 +21 48 24.8          22.5 GV~94n0F52
     K14Hr5L ZC2022 10 23.41209 03 27 13.37 +21 48 23.1          22.6 GV~94n0F52
     K14Hr5L ZC2022 10 23.42541 03 27 12.59 +21 48 21.2                V~94n0F52
     K14N74F ZC2010 12 25.49917 05 55 46.54 +19 09 13.2          20.9 i2~94nIF51
     K14N74F ZC2010 12 25.51131 05 55 45.82 +19 09 10.9          20.7 i2~94nIF51
     K14O75B ZC2023 01 20.33712 07 56 37.67 +25 32 25.1          21.7 GV~94nOF52
     K14O75B ZC2023 01 20.34913 07 56 36.85 +25 32 23.0          21.8 GV~94nOF52
     K14O75B ZC2023 01 20.36115 07 56 36.02 +25 32 20.0                V~94nOF52
     K14O75B ZC2023 01 20.37325 07 56 35.21 +25 32 18.0          21.8 GV~94nOF52
     K14QI2G ZC2025 07 24.49009 21 08 58.09 -11 27 48.7                V~94o8F51
     K14QI2G ZC2025 07 24.50176 21 08 57.45 -11 27 47.9                V~94o8F51
     K14QI2G ZC2025 07 24.51343 21 08 56.83 -11 27 47.1          21.8 GV~94o8F51
     K14R97D ZC2022 10 31.41924 04 15 27.13 +18 11 47.3                V~94ofF52
     K14R97D ZC2022 10 31.43006 04 15 26.58 +18 11 45.2          22.3 GV~94ofF52
     K14R97D ZC2022 10 31.45177 04 15 25.52 +18 11 41.6                V~94ofF52
     K14Sh3C ZC2012 04 20.40106714 13 19.080+05 11 25.80         22.6 rW~94p2F51
     K14Sh3C ZC2012 04 20.41262714 13 18.672+05 11 28.68         22.6 rW~94p2F51
     K14Sh3C ZC2012 04 20.42533414 13 17.952+05 11 31.56         22.6 rW~94p2F51
     K14Sh3C ZC2012 04 20.43657514 13 17.424+05 11 34.08         22.5 rW~94p2F51
     K14Sh3C ZC2013 07 15.41115819 48 37.032-21 12 24.48         21.7 rW~94p2F51
     K14Sh3C ZC2013 07 15.42047919 48 36.552-21 12 28.08         22.0 rW~94p2F51
     K14Sh3C ZC2014 11 10.33220401 52 52.056-06 50 55.32         22.6 rW~94p2F51
     K14Sh3C ZC2014 11 10.34509401 52 51.504-06 50 55.68         22.6 rW~94p2F51
     K14Sh3C ZC2014 11 10.35782601 52 51.000-06 50 55.68         22.6 rW~94p2F51
     K14Sh6C ZC2019 07 25.38052 20 22 24.00 -15 14 23.8          22.1 GV~94p6F51
     K14Sh6C ZC2019 07 25.39253 20 22 23.42 -15 14 28.0                V~94p6F51
     K14Sh6C ZC2019 07 25.40454 20 22 22.84 -15 14 31.9                V~94p6F51
     K14Sh6C ZC2019 07 25.41654 20 22 22.26 -15 14 36.0          22.1 GV~94p6F51
     K14Sh6F ZC2024 05 06.54652 16 08 56.89 -07 48 18.1          22.8 GV~94p6F51
     K14Sh6F ZC2024 05 06.55770 16 08 56.45 -07 48 14.5          23.0 GV~94p6F51
     K14U32N ZC2021 07 05.48631 20 47 41.07 -24 13 44.1          21.6 GV~94pHF51
     K14U32N ZC2021 07 05.49686 20 47 40.65 -24 13 47.8          21.6 GV~94pHF51
     K14U32N ZC2021 07 05.50738 20 47 40.21 -24 13 51.6                V~94pHF51
     K15Fm5F ZC2012 08 26.48436322 28 32.184-02 42 44.64         22.5 wW~94q2F51
     K15Fm5F ZC2012 08 26.49530122 28 31.680-02 42 49.68         22.5 wW~94q2F51
     K15Fm6T ZC2010 11 27.51744205 10 20.088+12 35 17.52         22.1 wW~94q2F51
     K15Fm6T ZC2010 11 27.51819805 10 20.040+12 35 17.52         22.1 wW~94q2F51
     K15Fm7G ZC2010 03 12.49123311 09 09.744+09 41 44.52         22.0 rW~94q2F51
     K15Fm7G ZC2010 03 12.50014011 09 09.240+09 41 45.60         22.0 rW~94q2F51
     K15Fm8X ZC2010 01 23.37147308 37 46.512+15 38 50.64         22.2 gW~94q2F51
     K15Fm8X ZC2010 01 23.37949108 37 46.056+15 38 52.44         22.3 gW~94q2F51
     K15Fm8X ZC2010 01 26.32723308 35 01.896+15 49 48.00         22.2 rW~94q2F51
     K15Fm8X ZC2010 01 26.33492408 35 01.464+15 49 49.80         22.2 rW~94q2F51
     K15Fn1E ZC2009 09 14.50836200 15 52.872+01 44 26.52         21.7 rW~94q2F51
     K15Fn1E ZC2009 09 14.51843700 15 52.272+01 44 24.36         21.7 rW~94q2F51
     K15Fn1E ZC2009 09 20.51106900 10 13.752+01 23 00.96         21.5 rW~94q2F51
     K15Fn1E ZC2009 09 20.52267200 10 13.056+01 22 58.08         21.4 rW~94q2F51
     K15Fn1E ZC2009 09 28.46437600 02 33.264+00 53 01.68         21.5 rW~94q2F51
     K15Fn1E ZC2009 09 28.47396400 02 32.688+00 52 59.52         21.5 rW~94q2F51
     K15Fn1E ZC2009 09 29.41711200 01 39.336+00 49 29.64         21.5 rW~94q2F51
     K15Fn1E ZC2009 09 29.42659100 01 38.784+00 49 27.48         21.5 rW~94q2F51
     K15Fn1E ZC2009 09 30.42738000 00 42.528+00 45 47.16         21.6 rW~94q2F51
     K15Fn1E ZC2009 09 30.43730900 00 41.952+00 45 45.00         21.6 rW~94q2F51
     K15Fn3V ZC2011 07 21.48987320 43 01.344-16 44 36.60         22.3 zW~94q2F51
     K15Fn3V ZC2011 07 21.50111120 43 00.792-16 44 36.96         22.5 zW~94q2F51
     K15Fn3V ZC2011 07 27.43282520 38 13.104-16 49 00.48         22.3 gW~94q2F51
     K15Fn3V ZC2011 07 27.44249120 38 12.600-16 49 01.20         22.3 gW~94q2F51
     K15Fn3V ZC2011 07 27.45303620 38 12.072-16 49 01.56         22.4 gW~94q2F51
     K15Fn3V ZC2011 07 27.46227020 38 11.616-16 49 01.92         22.1 gW~94q2F51
     K15Fn3V ZC2011 08 02.41192520 33 18.960-16 53 40.56         22.3 gW~94q2F51
     K15Fn3V ZC2011 08 02.44427820 33 17.328-16 53 42.00         22.3 gW~94q2F51
     K15Fn3V ZC2011 08 17.35066120 21 51.696-17 03 32.04         22.7 iW~94q2F51
     K15Fn3V ZC2011 08 17.36127320 21 51.240-17 03 32.40         22.7 iW~94q2F51
     K15Fn7O ZC2010 02 07.38457007 52 46.752+06 28 28.56         22.1 rW~94q2F51
     K15Fn7O ZC2010 02 07.38578507 52 46.704+06 28 29.28         22.2 rW~94q2F51
     K15Fn7O ZC2010 02 07.39483507 52 46.320+06 28 33.24         22.2 rW~94q2F51
     K15Fo9C ZC2010 04 18.53316915 13 38.232-08 11 40.20         22.7 gW~94q2F51
     K15Fo9C ZC2010 04 18.54247615 13 37.896-08 11 36.96         22.9 gW~94q2F51
     K15Fo9C ZC2010 05 18.53805014 52 43.848-05 42 40.32         22.6 rW~94q2F51
     K15Fo9C ZC2010 05 18.54930514 52 43.368-05 42 37.80         22.6 rW~94q2F51
     K15Fo9C ZC2011 08 26.46395820 27 21.456-10 08 00.96         22.5 gW~94q2F51
     K15Fo9C ZC2011 08 26.47537620 27 21.072-10 08 04.92         22.4 gW~94q2F51
     K15Fo9C ZC2012 10 08.44612402 48 56.688+07 52 10.20         22.7 rW~94q2F51
     K15Fo9C ZC2012 10 08.45849002 48 56.280+07 52 05.88         22.7 rW~94q2F51
     K15Fo9C ZC2012 10 15.47082202 44 50.064+07 10 01.92         22.5 gW~94q2F51
     K15Fo9C ZC2012 10 15.48400202 44 49.536+07 09 57.24         22.5 gW~94q2F51
     K15HV1Y ZC2025 02 22.49368 12 31 14.73 -07 32 54.1                V~94q9F52
     K15HV1Y ZC2025 02 22.51952 12 31 14.15 -07 32 52.7          22.0 GV~94q9F52
     K15HV1Y ZC2025 02 22.53245 12 31 13.88 -07 32 51.6          20.3 GV~94q9F52
     K15Hf5P ZC2013 01 21.53244 08 38 44.52 +11 02 15.5          21.4 i2~94qAF51
     K15Hf5P ZC2013 02 08.35325 08 29 14.83 +11 29 13.9          21.9 r2~94qAF51
     K15Hl3H ZC2021 10 03.54545 02 05 01.62 +03 16 47.3          22.1 GV~94qEF51
     K15Hl3H ZC2021 10 03.55737 02 05 01.10 +03 16 44.2                V~94qEF51
     K15Hl3H ZC2021 10 03.56925 02 05 00.56 +03 16 40.9                V~94qEF51
     K15Kc9Q ZC2025 07 27.44481 20 42 00.03 -26 01 23.8          22.5 GV~94qOF52
     K15Kc9Q ZC2025 07 27.45245 20 41 59.59 -26 01 25.6          22.8 GV~94qOF52
     K15Kc9Q ZC2025 07 27.46008 20 41 59.16 -26 01 27.3          22.7 GV~94qOF52
     K15Pb4D ZC2023 03 16.51938 13 24 51.95 -01 43 35.9          22.3 GV~94qsF52
     K15Pb4D ZC2023 03 16.53100 13 24 51.52 -01 43 32.2                V~94qsF52
     K15Pb4D ZC2023 03 16.54266 13 24 51.13 -01 43 27.9          22.4 GV~94qsF52
     K15Pb4D ZC2023 03 16.55428 13 24 50.70 -01 43 24.1          22.4 GV~94qsF52
     K15Pb4E ZC2024 07 28.45021 22 46 29.54 -13 21 57.3          22.6 GV~94qsF51
     K15Pb4E ZC2024 07 28.46121 22 46 29.26 -13 22 00.7                V~94qsF51
     K15Pb4E ZC2024 07 28.47221 22 46 28.96 -13 22 04.1          22.5 GV~94qsF51
     K15Pb4E ZC2024 07 28.48322 22 46 28.70 -13 22 07.5          22.9 GV~94qsF51
     K15XU1S ZC2025 07 20.45317 21 18 20.12 -29 15 41.6          22.6 GV~94rsF52
     K15XU1S ZC2025 07 20.46395 21 18 19.62 -29 15 45.4                V~94rsF52
     K15XU1S ZC2025 07 20.48555 21 18 18.70 -29 15 53.4                V~94rsF52
     K16NK7W ZC2010 07 12.43585820 06 31.368-13 27 41.40         21.8 gW~94t0F51
     K16NK7W ZC2010 07 12.44778720 06 30.720-13 27 39.96         21.9 gW~94t0F51
     K16NK7W ZC2011 10 05.31296823 38 10.368+18 47 21.84         22.9 iW~94t0F51
     K16NK7W ZC2011 10 05.32424923 38 09.888+18 47 17.88         22.9 iW~94t0F51
     K16NK7W ZC2013 12 25.61706708 48 32.880+10 16 47.64         22.3 iW~94t0F51
     K16NK7W ZC2013 12 25.62900308 48 32.496+10 16 45.12         22.2 iW~94t0F51
     K16NK7W ZC2014 01 20.37737508 29 26.592+09 13 24.96         21.9 rW~94t0F51
     K16NK7W ZC2014 01 20.38966608 29 25.896+09 13 23.88         21.7 rW~94t0F51
     K16NK9G ZC2021 11 27.45930 04 33 45.26 +01 54 01.3          22.2 GV~94t1F51
     K16NK9G ZC2021 11 27.47188 04 33 44.47 +01 54 02.4                V~94t1F51
     K16NK9G ZC2021 11 27.49703 04 33 42.91 +01 54 04.7          21.8 GV~94t1F51
     K16NK9H ZC2020 05 15.40082 15 49 17.26 -05 41 58.8                V~94t1F51
     K16NK9H ZC2020 05 15.41278 15 49 16.61 -05 41 56.1          22.2 GV~94t1F51
     K16NK9H ZC2020 05 15.42512 15 49 15.91 -05 41 53.3          22.6 GV~94t1F51
     K16NK9H ZC2020 05 15.43710 15 49 15.26 -05 41 50.6          22.1 GV~94t1F51
     K16PT7R ZC2010 04 12.46796213 52 37.848-16 20 47.40         22.0 rW~94tIF51
     K16PT7R ZC2010 04 12.47685013 52 37.416-16 20 45.24         21.9 rW~94tIF51
     K16PT7R ZC2011 08 28.46627522 10 15.384-08 30 54.00         22.1 rW~94tIF51
     K16PT7R ZC2011 08 28.46688122 10 15.360-08 30 54.36         22.1 rW~94tIF51
     K16PT7R ZC2011 08 28.47618222 10 14.880-08 30 56.52         21.9 rW~94tIF51
     K16PT7R ZC2011 09 06.46765922 03 08.448-09 05 03.48         22.4 iW~94tIF51
     K16PT7R ZC2011 09 06.47823422 03 07.944-09 05 05.64         22.4 iW~94tIF51
     K16PT9D ZC2014 04 10.41058213 26 11.160-16 16 54.12         21.7 iW~94tIF51
     K16PT9D ZC2014 04 10.42249113 26 10.560-16 16 51.24         21.6 iW~94tIF51
     K16PT9D ZC2014 04 10.43440313 26 09.960-16 16 48.36         21.5 iW~94tIF51
     K16PT9U ZC2010 04 17.53082514 17 24.936-14 09 03.60         22.2 gW~94tIF51
     K16PT9U ZC2010 04 17.54083114 17 24.432-14 09 00.36         22.3 gW~94tIF51
     K16PT9U ZC2014 01 24.55982510 07 59.112+06 07 13.44         22.6 rW~94tIF51
     K16PT9U ZC2014 01 24.57085410 07 58.680+06 07 14.88         22.7 rW~94tIF51
     K16PT9U ZC2014 02 10.43692309 55 21.720+07 10 10.56         22.2 iW~94tIF51
     K16PT9U ZC2014 02 10.46165209 55 20.400+07 10 17.40         22.2 iW~94tIF51
     K16PT9U ZC2014 02 10.47410009 55 19.752+07 10 21.00         22.1 iW~94tIF51
     K16PU2B ZC2013 11 27.50614104 53 02.952+29 58 17.40         22.7 rW~94tIF51
     K16PU2B ZC2013 11 27.51824104 53 02.088+29 58 15.60         22.7 rW~94tIF51
     K16PV2S ZC2012 11 08.38452203 01 09.456+13 50 01.32         21.9 gW~94tIF51
     K16PV2S ZC2012 11 08.39688303 01 08.784+13 49 57.00         21.8 gW~94tIF51
     K16PV2S ZC2012 11 08.51277703 01 02.496+13 49 14.88         21.9 rW~94tIF51
     K16PV2S ZC2012 11 08.52439003 01 01.848+13 49 10.56         21.9 rW~94tIF51
     K16QF5Y ZC2009 09 15.28066920 07 20.472-24 12 43.56         23.4 iW~94tWF51
     K16QF5Y ZC2009 09 15.29107620 07 20.352-24 12 42.12         23.4 iW~94tWF51
     K16QF5Y ZC2010 10 03.53168200 49 07.152+17 38 41.28         22.0 rW~94tWF51
     K16QF5Y ZC2010 10 03.54265400 49 06.600+17 38 39.84         21.9 rW~94tWF51
     K16QF5Y ZC2010 10 13.31509700 41 15.096+17 15 03.60         21.9 rW~94tWF51
     K16QF5Y ZC2010 10 13.32629600 41 14.568+17 15 01.80         21.8 rW~94tWF51
     K16QF5Y ZC2010 10 15.28886000 39 41.856+17 09 07.20         21.9 iW~94tWF51
     K16QF5Y ZC2010 10 15.30069500 39 41.280+17 09 05.04         21.9 iW~94tWF51
     K16QF5Y ZC2012 01 05.58184707 57 11.112+30 19 21.36         22.0 gW~94tWF51
     K16QF5Y ZC2012 01 05.59404107 57 10.440+30 19 21.72         22.0 gW~94tWF51
     K16QF5Y ZC2012 01 16.31408807 47 06.000+30 19 02.28         21.9 gW~94tWF51
     K16QF5Y ZC2012 01 16.32624407 47 05.304+30 19 01.92         21.8 gW~94tWF51
     K16QF5Y ZC2012 01 16.33935707 47 04.536+30 19 01.56         21.6 rW~94tWF51
     K16QF5Y ZC2012 01 16.35097907 47 03.840+30 19 01.20         21.6 rW~94tWF51
     K16RA8P ZC2023 01 14.56002 09 16 17.00 +24 33 33.8                V~94tdF52
     K16RA8P ZC2023 01 14.57302 09 16 16.43 +24 33 39.6                V~94tdF52
     K16RA8P ZC2023 01 14.58596 09 16 15.80 +24 33 45.7          22.0 GV~94tdF52
     K16RA8P ZC2023 01 14.59892 09 16 15.22 +24 33 51.6                V~94tdF52
     K16UF9T ZC2024 09 07.38855 23 50 28.38 +13 02 19.4                V~94txF52
     K16UF9T ZC2024 09 07.39983 23 50 27.86 +13 02 15.3          22.3 GV~94txF52
     K16UF9T ZC2024 09 07.41115 23 50 27.35 +13 02 10.9          22.5 GV~94txF52
     K17BN5X ZC2012 04 15.37041512 59 57.600+00 23 46.32         22.5 gW~94uBF51
     K17BN5X ZC2012 04 15.38206812 59 57.120+00 23 51.36         22.6 gW~94uBF51
     K17BN5X ZC2012 04 15.47749912 59 53.208+00 24 32.04         22.5 rW~94uBF51
     K17BN5X ZC2012 04 15.48852512 59 52.752+00 24 36.72         22.3 rW~94uBF51
     K17BO7L ZC2013 10 04.51085800 54 04.008+10 02 35.88         21.7 gW~94uBF51
     K17BO7L ZC2013 10 04.52314100 54 03.264+10 02 35.16         21.7 gW~94uBF51
     K17BQ4A ZC2023 03 19.43753 12 31 11.39 -16 45 13.1          22.2 GV~94uEF52
     K17BQ4A ZC2023 03 19.44841 12 31 10.88 -16 45 11.5                V~94uEF52
     K17BQ4A ZC2023 03 19.45926 12 31 10.37 -16 45 09.6          22.4 GV~94uEF52
     K17BQ4A ZC2023 03 19.47013 12 31 09.83 -16 45 07.8          22.4 GV~94uEF52
     K17DI0A ZC2024 06 12.37004 16 34 39.24 -12 55 02.4          22.0 GV~94uKF52
     K17DI0A ZC2024 06 12.38261 16 34 38.66 -12 55 03.6                V~94uKF52
     K17DI0A ZC2024 06 12.39518 16 34 38.05 -12 55 04.4          22.0 GV~94uKF52
     K17DI0A ZC2024 06 12.40772 16 34 37.45 -12 55 05.7                V~94uKF52
     K17OK2J ZC2024 02 04.47834 10 29 55.18 +04 02 26.5          22.1 GV~94uiF52
     K17OK2J ZC2024 02 04.49027 10 29 54.20 +04 02 22.7                V~94uiF52
     K17OK2J ZC2024 02 04.50223 10 29 53.20 +04 02 19.0                V~94uiF52
     K17QL9M ZC2023 01 22.40452 09 24 13.93 +17 44 25.0                V~94utF52
     K17QL9M ZC2023 01 22.43170 09 24 12.53 +17 44 40.6                V~94utF52
     K17QL9M ZC2023 01 22.44543 09 24 11.81 +17 44 48.4          22.5 GV~94utF52
     K17RH8C ZC2024 10 08.34000 01 45 32.02 +07 07 26.1          22.6 GV~94v1F51
     K17RH8C ZC2024 10 08.35132 01 45 31.38 +07 07 25.2                V~94v1F51
     K17RH8C ZC2024 10 08.36274 01 45 30.75 +07 07 24.1                V~94v1F51
     K17RH8C ZC2024 10 08.37410 01 45 30.12 +07 07 23.2          22.4 GV~94v1F51
     K17UI2Z ZC2024 04 01.36848 13 26 54.34 +00 30 34.6          22.7 GV~94vfF51
     K17UI2Z ZC2024 04 01.37963 13 26 53.81 +00 30 40.3          22.6 GV~94vfF51
     K17UI2Z ZC2024 04 01.39084 13 26 53.30 +00 30 46.0                V~94vfF51
     K17UI2Z ZC2024 04 01.40199 13 26 52.76 +00 30 51.7                V~94vfF51
     K18A28O ZC2010 05 06.45473 14 01 54.46 -10 59 03.8                W~94w6F51
     K18PG7H ZC2022 11 26.31090 03 53 26.01 +14 39 22.3          22.5 GV~94wdF51
     K18PG7H ZC2022 11 26.32191 03 53 25.33 +14 39 18.3          22.6 GV~94weF51
     K18PG7H ZC2022 11 26.33294 03 53 24.59 +14 39 14.5                V~94weF51
     K18PG7H ZC2022 11 26.34398 03 53 23.89 +14 39 10.8          22.6 GV~94weF51
     K18Q37A ZC2025 07 24.49230 21 34 37.84 -15 42 19.3          21.8 GV~94whF51
     K18Q37A ZC2025 07 24.50396 21 34 37.38 -15 42 23.0                V~94whF51
     K18Q37A ZC2025 07 24.51564 21 34 36.93 -15 42 26.4                V~94whF51
     K18VK3U ZC2024 02 09.39623 10 06 51.93 +28 39 22.5                V~94x2F52
     K18VK3U ZC2024 02 09.40915 10 06 51.13 +28 39 28.2                V~94x2F52
     K18VK3U ZC2024 02 09.42208 10 06 50.34 +28 39 34.0          22.2 GV~94x2F52
     K18VK3U ZC2024 02 09.43504 10 06 49.55 +28 39 39.8          22.6 GV~94x2F52
     K18VK4A ZC2025 07 21.45540 21 00 38.43 -21 57 34.0          22.1 GV~94x2F52
     K18VK4A ZC2025 07 21.46497 21 00 37.90 -21 57 35.7          22.5 GV~94x2F52
     K18VK4A ZC2025 07 21.47455 21 00 37.31 -21 57 37.2                V~94x2F52
     K18VK4A ZC2025 07 21.48415 21 00 36.76 -21 57 38.7                V~94x2F52
     K19M45P ZC2019 06 28.48373 20 14 43.60 -23 14 22.8          21.4 GV~94xdF51
     K19M45P ZC2019 06 28.49344 20 14 43.25 -23 14 28.8          21.6 GV~94xdF51
     K19M45P ZC2019 06 28.50314 20 14 42.92 -23 14 34.6          21.4 GV~94xdF51
     K19M45P ZC2019 06 28.51286 20 14 42.55 -23 14 40.5          21.9 GV~94xdF51
     K19N69Q ZC2025 02 22.49368 12 34 47.77 -07 25 33.6                V~94xjF52
     K19N69Q ZC2025 02 22.50660 12 34 47.35 -07 25 34.9                V~94xjF52
     K19N69Q ZC2025 02 22.51952 12 34 46.94 -07 25 36.2          22.6 GV~94xjF52
     K19N69Q ZC2025 02 22.53245 12 34 46.53 -07 25 37.6          22.7 GV~94xjF52
     K19NC1X ZC2023 11 10.37295 03 41 42.84 +17 24 55.1          22.7 GV~94xoF52
     K19NC1X ZC2023 11 10.38478 03 41 42.00 +17 24 54.6                V~94xoF52
     K19NC1X ZC2023 11 10.39690 03 41 41.14 +17 24 54.9                V~94xoF52
     K19PA0O ZC2023 03 18.38742 11 24 30.62 -07 46 18.2                V~94xyF52
     K19PA0O ZC2023 03 18.39922 11 24 30.10 -07 46 15.4          22.8 GV~94xyF52
     K19PA0O ZC2023 03 18.41198 11 24 29.58 -07 46 12.5          22.5 GV~94xyF52
     K19SR6W ZC2024 09 25.44818 00 07 38.75 -05 39 54.4                V~94y8F51
     K19SR6W ZC2024 09 25.45963 00 07 38.06 -05 39 54.7          22.0 GV~94y8F51
     K19SR6W ZC2024 09 25.47104 00 07 37.40 -05 39 54.6          22.1 GV~94y8F51
     K19UK2F ZC2024 08 31.48426 00 16 41.10 +01 19 17.2          22.5 GV~94yCF51
     K19UK2F ZC2024 08 31.49567 00 16 40.76 +01 19 14.2          22.8 GV~94yCF51
     K19UK2F ZC2024 08 31.50709 00 16 40.39 +01 19 11.7          22.6 GV~94yCF51
     K19UK2F ZC2024 08 31.51850 00 16 40.03 +01 19 09.2          22.5 GV~94yCF51
     K19V54Q ZC2012 01 21.52603907 54 03.864+13 41 57.48         21.7 rW~94yDF51
     K19V54Q ZC2012 01 21.53760507 54 03.480+13 41 58.92         21.7 rW~94yDF51
     K19W39A ZC2011 03 12.41251009 22 55.512-01 42 43.92         22.4 gW~94yDF51
     K19W39A ZC2011 03 12.42426409 22 55.152-01 42 38.52         22.4 gW~94yDF51
     K19W39A ZC2012 04 21.50464615 04 15.816-08 20 20.76         21.8 gW~94yEF51
     K19W39A ZC2012 04 21.51656315 04 15.360-08 20 14.64         21.8 rW~94yEF51
     K19W39A ZC2013 08 14.45236021 00 30.048+04 29 23.28         21.8 gW~94yEF51
     K19W39A ZC2013 08 14.46358621 00 29.568+04 29 18.96         21.7 gW~94yEF51
     K19W39A ZC2013 08 17.40705220 58 30.192+04 09 54.00         21.7 iW~94yEF51
     K19W39A ZC2013 08 17.41957820 58 29.664+04 09 48.96         21.6 iW~94yEF51
     K19W39A ZC2014 10 07.39717803 00 59.640+10 33 11.88         22.4 iW~94yEF51
     K19W39A ZC2014 10 07.41001703 00 59.256+10 33 06.48         22.4 iW~94yEF51
     K19W39A ZC2014 10 07.42261603 00 58.896+10 33 01.08         22.4 iW~94yEF51
     K19W39A ZC2014 10 07.43514703 00 58.536+10 32 55.68         22.4 iW~94yEF51
     K19W43G ZC2010 11 30.27595502 16 48.360+15 11 21.12         22.2 iW~94yEF51
     K19W43G ZC2010 11 30.28768102 16 48.000+15 11 17.88         22.2 iW~94yEF51
     K19W43G ZC2012 02 20.50235810 05 10.200+04 38 30.12         21.8 gW~94yEF51
     K19W43G ZC2012 02 20.51592410 05 09.480+04 38 33.72         22.0 gW~94yEF51
     K20BB8B ZC2010 10 07.48518 00 51 13.69 -09 21 58.8          21.4 g2~94yGF51
     K20BB8B ZC2010 10 07.49715 00 51 13.07 -09 22 04.1          21.5 g2~94yGF51
     K20BF5N ZC2025 07 26.44446 20 37 51.31 -23 31 45.6          22.0 GV~94yHF51
     K20BF5N ZC2025 07 26.45474 20 37 50.65 -23 31 47.1          22.1 GV~94yHF51
     K20BF5N ZC2025 07 26.47530 20 37 49.29 -23 31 50.2                V~94yHF51
     K20HJ2E ZC2021 09 04.46689 00 35 09.85 +06 39 48.6                V~94yWF51
     K20HJ2E ZC2021 09 04.47875 00 35 09.38 +06 39 46.2          22.4 GV~94yWF51
     K20HJ2E ZC2021 09 04.49055 00 35 08.92 +06 39 43.5          22.6 GV~94yWF51
     K20HJ2E ZC2021 09 04.50234 00 35 08.46 +06 39 41.5                V~94yWF51
     K20K69O ZC2020 07 17.41562 20 20 56.78 -11 50 58.2                V~94yjF51
     K20K69O ZC2020 07 17.42991 20 20 56.00 -11 50 56.9          22.1 GV~94yjF51
     K20K69O ZC2020 07 17.44419 20 20 55.23 -11 50 55.3          22.1 GV~94yjF51
     K20K69O ZC2020 07 17.45843 20 20 54.47 -11 50 53.7          22.2 GV~94yjF51
     K20K69S ZC2020 05 15.44668 15 36 21.92 -20 06 44.9          22.2 GV~94ykF51
     K20K69S ZC2020 05 15.45767 15 36 21.28 -20 06 39.8          22.4 GV~94ykF51
     K20K69S ZC2020 05 15.47976 15 36 20.06 -20 06 28.0          22.1 GV~94ykF51
     K20K69U ZC2024 03 18.48181 13 43 42.18 -18 19 32.6          22.0 GV~94ykF51
     K20K69U ZC2024 03 18.49152 13 43 41.83 -18 19 32.1                V~94ykF51
     K20K69U ZC2024 03 18.50125 13 43 41.49 -18 19 31.6          22.1 GV~94ykF51
     K20K69U ZC2024 03 18.51097 13 43 41.17 -18 19 30.9          22.6 GV~94ykF51
     K20M65C ZC2024 03 19.50167 13 04 25.84 -09 37 39.1          22.9 GV~94yrF51
     K20M65C ZC2024 03 19.51348 13 04 25.34 -09 37 34.8          22.7 GV~94yrF51
     K20M65C ZC2024 03 19.52530 13 04 24.85 -09 37 30.7          22.9 GV~94yrF51
     K20M65N ZC2020 07 17.42095 20 43 47.81 -08 06 53.8          21.4 GV~94ysF51
     K20M65N ZC2020 07 17.43520 20 43 47.14 -08 06 53.4          21.2 GV~94ysF51
     K20M65N ZC2020 07 17.44946 20 43 46.47 -08 06 53.3                V~94ysF51
     K20M65N ZC2020 07 17.46364 20 43 45.79 -08 06 52.6          21.1 GV~94ysF51
     K20OD8N ZC2024 04 01.36848 13 34 09.21 +00 45 55.2                V~94z0F51
     K20OD8N ZC2024 04 01.37963 13 34 08.75 +00 46 00.7                V~94z0F51
     K20OD8N ZC2024 04 01.40199 13 34 07.80 +00 46 11.7          22.6 GV~94z0F51
     K20OE2V ZC2024 05 07.52519 16 00 53.30 -15 50 53.2                V~94z2F51
     K20OE2V ZC2024 05 07.53717 16 00 52.68 -15 50 52.8          22.4 GV~94z2F51
     K20OE2V ZC2024 05 07.54913 16 00 52.07 -15 50 52.9          22.0 GV~94z2F51
     K20PC5C ZC2024 05 08.43347 15 16 45.72 -20 27 11.2          21.7 GV~94zCF51
     K20PC5C ZC2024 05 08.44429 15 16 45.13 -20 27 11.1                V~94zCF51
     K20PC5C ZC2024 05 08.45512 15 16 44.51 -20 27 10.6          21.4 GV~94zCF51
     K20PC5C ZC2024 05 08.46592 15 16 43.91 -20 27 10.7          21.5 GV~94zCF51
     K20SC5E ZC2025 07 24.48127 21 34 15.00 -11 43 25.5          21.6 GV~94zpF51
     K20SC5E ZC2025 07 24.49294 21 34 14.51 -11 43 26.5          21.5 GV~94zpF51
     K20SC5E ZC2025 07 24.50461 21 34 14.03 -11 43 27.3          21.7 GV~94zpF51
     K20SC5E ZC2025 07 24.51629 21 34 13.57 -11 43 28.2                V~94zpF51
     K20SC5Y ZC2023 03 18.38548 11 17 13.49 -03 00 11.2                V~94zsF52
     K20SC5Y ZC2023 03 18.39710 11 17 12.94 -03 00 08.7          22.9 GV~94zsF52
     K20SC5Y ZC2023 03 18.40995 11 17 12.31 -03 00 06.1                V~94zsF52
     K20U92H ZC2024 06 12.36547 16 08 38.86 -13 05 08.8                V~950BF52
     K20U92H ZC2024 06 12.37805 16 08 38.26 -13 05 10.1                V~950BF52
     K20U92H ZC2024 06 12.40315 16 08 37.10 -13 05 12.0          21.7 GV~950BF52
     K20W35B ZC2020 11 14.55028 04 46 23.42 +18 20 36.6          20.7 GV~950HF51
     K20W35B ZC2020 11 14.56210 04 46 22.88 +18 20 32.2          20.8 GV~950HF51
     K20W35B ZC2020 11 14.57392 04 46 22.34 +18 20 28.6          20.6 GV~950HF51
     K20W35D ZC2020 11 19.53013 04 45 25.35 +20 59 45.6                V~950HF51
     K20W35D ZC2020 11 19.54276 04 45 24.70 +20 59 39.6                V~950HF51
     K20W35D ZC2020 11 19.55537 04 45 24.06 +20 59 33.1          20.9 GV~950HF51
     K21GM8B ZC2025 07 21.45923 21 14 42.92 -17 27 14.6                V~950TF52
     K21GM8B ZC2025 07 21.46880 21 14 42.40 -17 27 15.0          21.6 GV~950TF52
     K21GM8B ZC2025 07 21.48801 21 14 41.31 -17 27 14.9          21.6 GV~950TF52
     K21GN7H ZC2025 02 05.38727 10 52 59.72 +12 16 37.7          22.2 GV~950UF52
     K21GN7H ZC2025 02 05.41008 10 52 58.74 +12 16 42.7          22.6 GV~950UF52
     K21GN7H ZC2025 02 05.42151 10 52 58.27 +12 16 45.1          22.3 GV~950UF52
     K21PM7G ZC2020 05 15.44476 15 27 04.31 -19 04 34.8          22.3 GV~9519F51
     K21PM7G ZC2020 05 15.45575 15 27 03.66 -19 04 30.4                V~9519F51
     K21PM7G ZC2020 05 15.46687 15 27 03.03 -19 04 26.2                V~9519F51
     K21PM7G ZC2020 05 15.47784 15 27 02.42 -19 04 22.6          21.7 GV~9519F51
     K21QC4D ZC2024 03 06.34829 11 16 43.60 +14 11 25.9                V~951KF51
     K21QC4D ZC2024 03 06.36010 11 16 42.81 +14 11 26.4          22.6 GV~951KF51
     K21QC4D ZC2024 03 06.37180 11 16 41.96 +14 11 27.3          22.2 GV~951KF51
     K21QC4D ZC2024 03 06.38355 11 16 41.15 +14 11 28.1                V~951KF51
     K21R22R ZC2025 07 20.45507 21 30 44.25 -24 01 19.1          22.7 GV~951MF52
     K21R22R ZC2025 07 20.48745 21 30 43.10 -24 01 17.7          22.3 GV~951MF52
     K21RI4V ZC2011 09 04.50897 23 03 12.13 -07 43 46.3          21.6 i2~951iF51
     K21RI4V ZC2011 09 04.52035 23 03 11.57 -07 43 49.8          21.4 i2~951iF51
     K21RI9M ZC2023 01 15.40436 08 31 14.59 +12 52 44.6          22.6 GV~951jF52
     K21RI9M ZC2023 01 15.41524 08 31 13.97 +12 52 49.3          22.4 GV~951jF52
     K21RI9M ZC2023 01 15.42618 08 31 13.38 +12 52 54.3                V~951jF52
     K21RI9M ZC2023 01 15.43721 08 31 12.77 +12 52 59.5          22.4 GV~951jF52
     K21S63R ZC2025 07 24.48580 21 33 57.70 -09 16 09.0          21.8 GV~951zF51
     K21S63R ZC2025 07 24.50932 21 33 56.53 -09 16 06.5          22.0 GV~951zF51
     K21S63R ZC2025 07 24.52083 21 33 55.96 -09 16 05.3          21.7 GV~951zF51
     K21TF1W ZC2023 01 22.41024 09 44 43.69 +20 59 08.0          22.4 GV~952GF52
     K21TF1W ZC2023 01 22.42384 09 44 43.07 +20 59 13.5          22.6 GV~952GF52
     K21TF1W ZC2023 01 22.45113 09 44 41.75 +20 59 24.4          22.3 GV~952GF52
     K21TL1B ZC2021 09 10.58341 01 15 41.25 +04 22 40.3          21.6 GV~952KF51
     K21TL1B ZC2021 09 10.59283 01 15 40.93 +04 22 37.4          21.6 GV~952KF51
     K21TL1D ZC2021 10 03.54812 02 10 21.86 +00 36 58.3          21.6 GV~952LF51
     K21TL1D ZC2021 10 03.56003 02 10 21.45 +00 36 48.7          21.7 GV~952LF51
     K21TL1D ZC2021 10 03.57191 02 10 21.03 +00 36 39.8                V~952LF51
     K21VB5B ZC2021 10 29.36254 02 49 55.48 -12 12 22.4                V~952mF51
     K21VB5B ZC2021 10 29.37423 02 49 54.78 -12 12 23.5          21.9 GV~952mF51
     K21VB5B ZC2021 10 29.40373 02 49 53.09 -12 12 27.2                V~952mF51
     K21W15Y ZC2021 10 30.39204 02 42 15.32 +07 33 11.0                V~952sF51
     K21W15Y ZC2021 10 30.41282 02 42 13.93 +07 33 10.4                V~952sF51
     K21W15Y ZC2021 10 30.42551 02 42 13.04 +07 33 10.8          21.9 GV~952sF51
     K21W15Y ZC2021 10 30.43820 02 42 12.18 +07 33 10.4          21.9 GV~952sF51
     K21X04M ZC2010 08 06.42193 19 17 37.25 +12 31 02.1          20.0 r2~952sF51
     K21X04M ZC2012 03 19.40462 10 53 50.65 -26 07 36.6          21.2 g2~952sF51
     K21X04M ZC2012 03 19.42929 10 53 49.42 -26 07 21.3          20.4 r2~952sF51
     K22O11M ZC2013 08 13.52047 22 31 27.28 +04 18 17.7                V~952yF51
     K22O11M ZC2013 08 13.53134 22 31 26.46 +04 18 25.1                V~952yF51
     K22O11M ZC2013 08 13.54303 22 31 25.59 +04 18 32.6                V~952yF51
     K22O11M ZC2013 08 18.48977 22 25 17.01 +05 10 01.5                V~952yF51
     K22O11M ZC2013 08 18.50255 22 25 16.01 +05 10 09.0                V~952yF51
     K22O86L ZC2022 07 25.42744 21 06 53.31 -10 08 02.8          21.7 GV~952zF52
     K22O86L ZC2022 07 25.43893 21 06 52.79 -10 08 09.8                V~952zF52
     K22O86L ZC2022 07 25.45050 21 06 52.27 -10 08 16.9          22.1 GV~952zF52
     K22O86L ZC2022 07 25.46205 21 06 51.74 -10 08 23.7          21.8 GV~952zF52
     K22QT4C ZC2025 07 21.45667 21 16 23.36 -21 21 50.8          22.2 GV~9532F52
     K22QT4C ZC2025 07 21.46624 21 16 23.09 -21 21 57.1          22.0 GV~9532F52
     K22QT4C ZC2025 07 21.47582 21 16 22.82 -21 22 03.2          21.8 GV~9532F52
     K22QT4C ZC2025 07 21.48542 21 16 22.55 -21 22 08.9          21.8 GV~9532F52
     K22SX7R ZC2025 07 21.45923 21 17 48.64 -16 45 15.0          22.0 GV~953AF52
     K22SX7R ZC2025 07 21.46880 21 17 48.03 -16 45 14.9                V~953AF52
     K22SX7R ZC2025 07 21.47839 21 17 47.44 -16 45 14.6          21.6 GV~953AF52
     K22SX7R ZC2025 07 21.48801 21 17 46.82 -16 45 14.3          21.7 GV~953AF52
     K22SX7T ZC2025 07 20.46395 21 16 48.46 -28 04 02.9                V~953AF52
     K22SX7T ZC2025 07 20.47477 21 16 47.86 -28 04 07.7          22.1 GV~953AF52
     K22SX7T ZC2025 07 20.48555 21 16 47.27 -28 04 12.7          22.6 GV~953AF52
     K22W40O ZC2022 10 19.37045 03 06 59.14 +20 21 59.0          21.8 GV~953JF52
     K22W40O ZC2022 10 19.38432 03 06 58.19 +20 22 00.4                V~953JF52
     K22W40O ZC2022 10 19.39823 03 06 57.24 +20 22 02.1                V~953JF52
     K22W40O ZC2022 10 19.41211 03 06 56.31 +20 22 03.6                V~953JF52
     K22W40W ZC2022 10 19.37549 03 28 11.01 +22 55 24.4                V~953LF52
     K22W40W ZC2022 10 19.38938 03 28 10.27 +22 55 27.5          21.8 GV~953LF52
     K22W40W ZC2022 10 19.40327 03 28 09.51 +22 55 30.2                V~953LF52
     K22W40W ZC2022 10 19.41715 03 28 08.74 +22 55 33.0          21.8 GV~953LF52
     K23D06Z ZC2023 03 18.37513 11 09 02.67 -05 51 01.5                V~953OF52
     K23D06Z ZC2023 03 18.38679 11 09 02.15 -05 50 57.7          22.5 GV~953OF52
     K23D06Z ZC2023 03 18.39851 11 09 01.63 -05 50 54.0                V~953OF52
     K23D06Z ZC2023 03 18.41126 11 09 01.07 -05 50 49.9          22.4 GV~953OF52
     K23U36N ZC2012 11 02.43007 02 19 35.67 +00 20 28.2                V~953UF51
     K23U36N ZC2012 11 02.43139 02 19 35.63 +00 20 27.4                V~953UF51
     K23U36N ZC2012 11 02.44452 02 19 35.05 +00 20 22.4                V~953UF51
     K23W53P ZC2025 02 22.49368 12 31 23.15 -07 35 59.0          21.5 GV~953VF52
     K23W53P ZC2025 02 22.50660 12 31 22.78 -07 35 58.3          21.5 GV~953VF52
     K23W53P ZC2025 02 22.51952 12 31 22.40 -07 35 57.4                V~953VF52
     K23W53P ZC2025 02 22.53245 12 31 22.01 -07 35 56.4                V~953VF52
     K24G16S ZC2025 07 21.45667 21 19 01.81 -19 52 06.5                V~953cF52
     K24G16S ZC2025 07 21.46624 21 19 01.39 -19 52 09.5                V~953cF52
     K24G16S ZC2025 07 21.47582 21 19 01.00 -19 52 13.1          22.1 GV~953cF52
     K24G16S ZC2025 07 21.48542 21 19 00.63 -19 52 16.7          22.3 GV~953cF52
     K24J62J ZC2024 04 17.41686 14 49 38.54 -05 32 44.4          22.5 GV~953lF51
     K24J62J ZC2024 04 17.44214 14 49 37.44 -05 32 38.3          22.5 GV~953lF51
     K24J62J ZC2024 04 17.45477 14 49 36.91 -05 32 35.5          22.3 GV~953lF51
     K24K10G ZC2024 05 08.43747 15 45 01.17 -19 35 30.0          21.6 GV~953pF51
     K24K10G ZC2024 05 08.45913 15 45 00.10 -19 35 24.8                V~953pF51
     K24K10G ZC2024 05 08.46993 15 44 59.56 -19 35 21.9                V~953pF51
     K24T83S ZC2024 09 29.51615 01 48 41.29 +07 25 06.8          22.1 GV~953uF52
     K24T83S ZC2024 09 29.53085 01 48 40.70 +07 25 02.8          21.7 GV~953uF52
     K24T83S ZC2024 09 29.54558 01 48 40.12 +07 24 59.4          21.7 GV~953uF52
     K24T83S ZC2024 09 29.56039 01 48 39.52 +07 24 55.8          21.8 GV~953uF52
     K24X49A ZC2024 11 29.36982 05 19 43.15 +13 15 36.0                V~953wF52
     K24X49A ZC2024 11 29.38058 05 19 42.62 +13 15 37.2          22.5 GV~953wF52
     K24X49A ZC2024 11 29.39134 05 19 42.08 +13 15 38.6          22.1 GV~953wF52
     K24X49A ZC2024 11 29.40215 05 19 41.52 +13 15 39.5          22.2 GV~953wF52
     K24Y51D ZC2022 05 09.36671 15 02 59.99 -20 50 42.7          21.8 GV~953xF52
     K24Y51D ZC2022 05 09.39073 15 02 58.33 -20 50 42.8          22.0 GV~953xF52
     K24Y51D ZC2022 05 09.40280 15 02 57.47 -20 50 42.4                V~953xF52
     K25D65M ZC2025 02 05.38221 10 25 01.77 +11 39 16.4                V~953zF52
     K25D65M ZC2025 02 05.39361 10 25 01.20 +11 39 20.0          21.9 GV~953zF52
     K25D65M ZC2025 02 05.40502 10 25 00.63 +11 39 23.6          21.9 GV~953zF52
     K25D65M ZC2025 02 05.41645 10 25 00.07 +11 39 27.2                V~953zF52
     K25M94N ZC2025 07 24.48062 21 29 31.26 -15 35 52.8          21.9 GV~9546F51
     K25M94N ZC2025 07 24.49230 21 29 30.58 -15 35 49.4          22.0 GV~9546F51
     K25M94N ZC2025 07 24.50396 21 29 29.88 -15 35 46.3                V~9546F51
     K25M94N ZC2025 07 24.51564 21 29 29.17 -15 35 43.5          22.1 GV~9546F51
     K25M95E ZC2014 07 10.53417 22 29 08.23 +02 31 05.9          21.4 i2~9547F51
     K25M95E ZC2014 07 10.54774 22 29 08.07 +02 31 09.2          21.4 i2~9547F51
     K25M95E ZC2014 07 10.56130 22 29 07.90 +02 31 12.7          21.8 i2~9547F51
     K25M95E ZC2014 07 10.57491 22 29 07.74 +02 31 15.9          21.4 i2~9547F51
     K25N07A ZC2025 07 21.46050 21 42 24.89 -17 38 07.0          22.4 GV~954TF52
     K25N07A ZC2025 07 21.47007 21 42 24.39 -17 38 05.2          22.1 GV~954TF52
     K25N07A ZC2025 07 21.47966 21 42 23.87 -17 38 03.4                V~954TF52
     K25N07A ZC2025 07 21.48928 21 42 23.33 -17 38 01.5                V~954TF52
     K25N09G ZC2022 11 26.31155 03 47 51.32 +10 51 36.9          22.2 GV~954YF51
     K25N09G ZC2022 11 26.34462 03 47 49.01 +10 51 36.2          22.7 GV~954YF51
     K25O33P ZC2025 07 21.45923 21 16 53.86 -17 13 07.7                V~955KF52
     K25O33P ZC2025 07 21.46880 21 16 53.52 -17 13 14.6          21.7 GV~955KF52
     K25O33P ZC2025 07 21.47839 21 16 53.21 -17 13 21.7          21.7 GV~955KF52
     K25O33P ZC2025 07 21.48801 21 16 52.87 -17 13 29.0          21.6 GV~955KF52
     K25O36M ZC2020 09 13.46578 00 57 25.75 +03 58 51.3          21.8 GV~955RF51
     K25O36M ZC2020 09 13.48981 00 57 24.89 +03 58 44.6          22.0 GV~955RF51
     K25O42H ZC2025 07 26.47686 21 11 05.45 -30 34 01.8                V~955eF51
     K25O42H ZC2025 07 26.48795 21 11 04.77 -30 34 01.7          22.1 GV~955eF51
     K25O42H ZC2025 07 26.49900 21 11 04.09 -30 34 01.9                V~955eF51
     K25O42H ZC2025 07 26.51004 21 11 03.39 -30 34 01.7                V~955eF51
     K25O42N ZC2025 07 26.47622 21 05 43.06 -26 59 31.8          21.9 GV~955eF51
     K25O42N ZC2025 07 26.49835 21 05 41.68 -26 59 40.1                V~955eF51
     K25O42N ZC2025 07 26.50939 21 05 40.99 -26 59 44.3          21.7 GV~955eF51
     K25P07N ZC2013 12 11.38681 05 26 50.58 +04 43 22.9                W~9561F51
     K25Q23T ZC2010 01 08.35913 07 13 41.49 +21 23 38.2          21.0 rW~957HF51
     K25Q23T ZC2010 01 09.36986 07 12 31.92 +21 20 24.8          21.7 rW~957HF51
     K25Q23T ZC2010 01 09.37843 07 12 31.33 +21 20 23.4          21.4 rW~957HF51
     K25Q35K ZC2010 08 30.53945 22 48 22.54 +12 07 58.4          21.2 r2~957bF51
     K25Q35K ZC2010 08 30.55147 22 48 21.94 +12 07 55.5          21.1 r2~957bF51
~0EfX        ZC2012 04 23.41885 13 35 32.71 +06 55 06.1          20.9 r2~982gF51
~0EfX        ZC2012 04 23.44223 13 35 31.55 +06 55 14.6          21.6 g2~982gF51
